time,x,y,z,phi,theta,psi,x_velocity,y_velocity,z_velocity,phi_velocity,theta_velocity,psi_velocity,rotor_speed1,rotor_speed2,rotor_speed3,rotor_speed4
0.06,-2.1425053022e-08,1.9816562285e-07,10.0040726598,6.28270713803,6.28278640873,0.0,1.49801822795e-05,-9.33286671805e-06,0.135748090859,-0.0329630136393,-0.0252642296921,0.0,448.7566764680655,446.70165416219874,449.8035024683059,447.12660103101337
0.12000000000000001,1.68567934968e-05,-2.01764441374e-05,10.0180502933,6.28033185451,6.28125233574,0.0,0.000724477926478,-0.000916141131836,0.330135869606,-0.0580985148459,-0.0261821305663,0.0,466.4190674873934,466.3473014017298,466.4450388757893,464.47741933015675
0.18,0.000110778978105,-0.000154563916693,10.0428717749,6.27658189532,6.27932658469,0.0,0.00259747009447,-0.00396609662125,0.497186324412,-0.073195550044,-0.0478231283844,0.0,458.6810883125903,456.95904493801856,458.4248358745912,457.2210488961005
0.23999999999999996,0.000362270228089,-0.000554067098128,10.0768122718,6.27199186373,6.27632176518,0.0,0.00610048151567,-0.0098317512628,0.634091592958,-0.084096416763,-0.0550252715309,0.0,448.73691545123046,448.1504080165213,449.49321892232456,448.60445833593434
0.3,0.000906707894653,-0.00143346520019,10.1210612154,6.26667707026,6.2726623946,0.0,0.0124517789563,-0.020087778673,0.840732627801,-0.0995227359399,-0.0768981427933,0.0,471.9954719448917,470.3020229917396,469.42728584672784,468.2226551375793
0.36000000000000004,0.00190789362724,-0.00303203405075,10.176188733,6.26094007476,6.26819901391,0.0,0.0214198512129,-0.0338401641231,0.996709725235,-0.0887727774808,-0.0697958108579,0.0,455.3675647222886,455.9310824130845,454.13242660542016,454.9861451601958
0.4200000000000001,0.00347522847685,-0.0054786240029,10.2362424845,6.25554449089,6.26427093782,0.0,0.0311824377296,-0.0481865649056,1.00505684767,-0.0923378528509,-0.0579796396773,0.0,407.5865817346661,408.6374811461365,407.84624777993486,407.5201727332608
0.48000000000000015,0.00581055150694,-0.00905027583648,10.3026143086,6.24975747528,6.26049781507,0.0,0.0470797725275,-0.0715241643463,1.20711663125,-0.106290146267,-0.0751476163922,0.0,469.16340768973237,467.8259567905538,470.7272924570041,469.6389936237782
0.5400000000000001,0.00914553020958,-0.0140923721323,10.3790616166,6.24330689486,6.2561052312,0.0,0.0645588617907,-0.0972264894389,1.34094152467,-0.110065314198,-0.0695931382563,0.0,449.3396877619276,449.7855913824844,448.9380283095165,448.6215919650022
0.6000000000000002,0.0136337280472,-0.0208336163685,10.4639298698,6.23673506235,6.25244713808,0.0,0.0854651790081,-0.128191490088,1.48777537394,-0.108482798948,-0.0477141859395,0.0,453.1973864457817,454.9496442680821,453.0477742787237,453.1646445619324
0.6600000000000003,0.0194410797855,-0.0295599038995,10.5572377809,6.23044220552,6.2495554501,0.0,0.108415647605,-0.16336053062,1.62225974251,-0.0985114281366,-0.0491734454296,0.0,450.31266792956694,450.1932321893003,449.8935074196954,450.6905646439809
0.7200000000000003,0.0268304516765,-0.0407557710171,10.6627870191,6.22471676141,6.24733400202,0.0,0.138203456214,-0.210554341989,1.89557753394,-0.0898752208856,-0.0198808816281,0.0,490.88007636262074,493.04813525604396,491.3706229210601,492.0035515368264
0.7800000000000004,0.0359205148323,-0.054703757373,10.7809413101,6.21946780101,6.24621636248,0.0,0.164914679035,-0.254943134195,2.0426003618,-0.0830849235657,-0.0162313801991,0.0,455.0515216491582,455.3436136045416,455.77789738572295,456.3140841087957
0.8400000000000004,0.0466567892223,-0.0714638424457,10.908440313,6.21402396038,6.24525646179,0.0,0.193056775087,-0.304279896582,2.20701190131,-0.113941329727,-0.0155363225924,0.0,461.21953442286167,461.27452675503207,463.0637798775297,460.62310004831835
0.9000000000000005,0.0590871761494,-0.0912852280439,11.0453788856,6.20773834886,6.24425170226,0.0,0.221382765329,-0.357125437923,2.35724157352,-0.0908532205413,-0.0192821183764,0.0,457.986625623124,457.6887044162396,457.25341741738754,459.0794108800653
0.9600000000000005,0.0732154549724,-0.114364622223,11.1906995814,6.2021076956,6.24335951059,0.0,0.249655434158,-0.412755894539,2.48644453514,-0.100615565708,-0.00725176503725,0.0,451.6945069594628,452.66371513073705,452.84498869341934,452.0516998999213
1.0200000000000005,0.0891708814054,-0.141140706649,11.3466154272,6.19623081861,6.2428831197,0.0,0.282224689276,-0.480455638705,2.71016432857,-0.093088727322,-0.00935284074032,0.0,481.6206323526932,481.4618204010534,480.86822486090625,481.43059180638005
1.0800000000000005,0.106967203306,-0.171849602507,11.5128664252,6.19043240539,6.24262871286,0.0,0.311013067839,-0.54374692898,2.83116678696,-0.104899605986,0.00440784114521,0.0,451.21143998012826,452.3210530421851,452.17907575792606,451.2187112378888
1.1400000000000006,0.12657324652,-0.206670501406,11.6883565718,6.18400086912,6.24232125088,0.0,0.342480508266,-0.617636523016,3.01793276834,-0.11221996759,-0.0426137536776,0.0,474.1832804929192,470.5572161957848,472.8249112152979,472.25123321485495
1.2000000000000006,0.147947113713,-0.245737473487,11.8716718464,6.17771045564,6.2399297153,0.0,0.370214458857,-0.685213274588,3.09227244098,-0.0931288445923,-0.034852603608,0.0,439.13092013231045,439.77341856630306,437.91631445044976,439.4915332805273
1.2600000000000007,0.171191161113,-0.289370415386,12.0630784658,6.17264020556,6.23760976279,0.0,0.404815586875,-0.769775094128,3.28728900457,-0.0712526282492,-0.0476564244306,0.0,477.17304079599216,476.1939389105985,475.91722004284895,477.58316123108904
1.3200000000000007,0.196337919274,-0.337635742248,12.2611896139,6.16806178034,6.23455305918,0.0,0.433673829509,-0.839465410401,3.31623818888,-0.0890478184853,-0.0584994369751,0.0,426.49256822407773,425.5635988599419,427.563357010734,426.0394808478687
1.3800000000000008,0.223406599194,-0.390482220092,12.4636806221,6.16256253005,6.23128848077,0.0,0.468949306197,-0.922610902613,3.43298486797,-0.0974513069022,-0.0472816483936,0.0,454.0716705402107,454.96878827053786,455.5309656516654,454.8515658793284
1.4400000000000008,0.252709422087,-0.448554565517,12.6741184494,6.15627923659,6.22827932166,0.0,0.508102510057,-1.01373366464,3.58099925378,-0.126071787174,-0.0566190145652,0.0,466.1129029983903,465.3811021126685,466.24072646449764,463.989599104828
1.5000000000000009,0.28446409013,-0.512319453199,12.8940173632,6.1489101521,6.22473881926,0.0,0.550740876837,-1.11252677846,3.74822504519,-0.117002180997,-0.064273104897,0.0,473.36244617214794,472.770818843699,471.58784274010065,472.27516761760864
1.560000000000001,0.318741587754,-0.581909504186,13.1219511569,6.14214389225,6.22089486143,0.0,0.592212078791,-1.20779785517,3.84903532362,-0.105431380781,-0.0636550619147,0.0,453.0714785709278,453.11825503801725,454.00865800349914,454.9250620747803
1.620000000000001,0.355649607943,-0.657496507946,13.3568948534,6.13599114841,6.21726514517,0.0,0.638418913136,-1.31236897873,3.9817548078,-0.0973262991803,-0.0548276658987,0.0,464.9704165210155,465.65906280992647,463.8107475543316,464.43823751396445
1.680000000000001,0.395138737256,-0.738897149536,13.5957958538,6.13023457243,6.21387924006,0.0,0.678170662179,-1.40149517662,3.98143746875,-0.0933125040946,-0.0598486222628,0.0,423.51435303876667,423.07987827484203,423.9917433765269,424.3281432053811
1.740000000000001,0.437414781516,-0.826496549977,13.839470684,6.12465426874,6.20982623793,0.0,0.731397949537,-1.51901511444,4.14025153867,-0.0923975987506,-0.0910595334021,0.0,474.8799240583772,472.47606025889803,475.0312377274755,475.0947004787379
1.8000000000000012,0.482568393869,-0.92038948246,14.0871400887,6.11892170102,6.20416482299,0.0,0.774189075606,-1.61123754033,4.11527795712,-0.102714997581,-0.101931139725,0.0,417.8899490089238,416.9328330713541,418.239611650451,417.33145392293585
1.8600000000000012,0.530556736663,-1.02026500818,14.3353634911,6.11278361222,6.19755633747,0.0,0.825990997171,-1.7184945533,4.15841070826,-0.101487668736,-0.136498124514,0.0,442.6233101578145,439.7573447988015,439.7085756332418,439.8010494103834
1.9200000000000013,0.581828450207,-1.12677626604,14.5866074193,6.10659980448,6.18896688273,0.0,0.883842668295,-1.83242452429,4.21585832976,-0.10641462632,-0.16178469785,0.0,447.17032671517563,445.0858391677698,446.1402458727879,445.7285297583589
1.9800000000000013,0.63696610478,-1.24065240515,14.843513783,6.10037780521,6.17910145132,0.0,0.955070795592,-1.96401204116,4.34678801138,-0.0987628550604,-0.170298420125,0.0,470.642832253377,469.9591165064779,469.59982689993467,470.1843029493145
2.0400000000000014,0.696476595997,-1.36235594511,15.1071348427,6.09398851119,6.16946442472,0.0,1.02956527944,-2.0933012412,4.43980449198,-0.130108609499,-0.146139888723,0.0,459.204358312529,461.0929194043166,461.72421928539495,459.2341536829433
2.1000000000000014,0.760226970052,-1.49126405514,15.3726901568,6.08601760537,6.16119926081,0.0,1.09615273634,-2.20429940573,4.41175743056,-0.138976990373,-0.124792412241,0.0,420.99485461641103,422.81912957926903,423.8841922336751,423.10400621651814
2.1600000000000015,0.828704355333,-1.62791936962,15.6412213686,6.07746455154,6.15385823067,0.0,1.18712627459,-2.35164052564,4.53824699946,-0.150867599175,-0.117870543239,0.0,472.69624257126037,473.2168300331983,473.5143340886858,472.58088924049264
2.2200000000000015,0.902905190421,-1.77377294991,15.9180794781,6.06886852274,6.14675576005,0.0,1.28689876272,-2.51093957427,4.68913495539,-0.131279284295,-0.119400987996,0.0,483.2968278067385,483.1700883674112,481.08450667522993,482.5479060781579
2.2800000000000016,0.98276287107,-1.92862015287,16.2004789183,6.06063161897,6.139757076,0.0,1.37562570221,-2.65131471869,4.72350365134,-0.153317016476,-0.111639177736,0.0,449.37795027832885,449.9947374053604,448.9076144041488,447.09777001335056
2.3400000000000016,1.06823937143,-2.0923058694,16.4859852948,6.05140151105,6.13302718828,0.0,1.47416041915,-2.80566510807,4.79245177064,-0.1548906606,-0.113236325378,0.0,461.4466705917293,461.3098921502318,461.476593856877,461.33094921648535
2.4000000000000017,1.15896354711,-2.26422958797,16.7704690984,6.04258304265,6.12588935255,0.0,1.55050956737,-2.92586075343,4.69027372313,-0.134592315234,-0.133997356749,0.0,406.57177193521727,404.6924315825714,405.4254601697079,407.2226924219312
2.4600000000000017,1.25558224887,-2.44530419223,17.0560796944,6.03446900973,6.11777556223,0.0,1.67083345684,-3.11061927452,4.82870652623,-0.136547427797,-0.137813333749,0.0,484.8325191605045,484.5304560927233,485.6881894947487,485.52632425481477
2.520000000000002,1.35896010412,-2.63670644099,17.3462298523,6.02594327543,6.1094142516,0.0,1.77577287033,-3.27013093428,4.84219291612,-0.15649052516,-0.142628379514,0.0,448.4201088431789,448.0108491702763,450.2228816660871,448.5871805943764
2.580000000000002,1.46913186384,-2.8383420974,17.6389894501,6.01643515893,6.10090640441,0.0,1.89732733429,-3.45181436054,4.91525641539,-0.162745300392,-0.140187164279,0.0,469.33440488216,469.5063206135947,470.18971002654195,469.68243040861324
2.640000000000002,1.58590509425,-3.04984483006,17.9315680507,6.00657953806,6.09251295261,0.0,1.99574887366,-3.59905820446,4.83696340245,-0.167472313777,-0.139305420991,0.0,421.540252050305,421.59711637402796,422.95060661789734,422.51591690572434
2.700000000000002,1.7093704878,-3.27127220678,18.2226212879,5.99678500167,6.08402658497,0.0,2.12041810988,-3.7826286316,4.86373961956,-0.155907292603,-0.146085324302,0.0,459.4512910153885,458.8953767662035,457.5685851129689,458.46388959678654
2.760000000000002,1.84033108407,-3.50369937097,18.514502795,5.98751055814,6.07518316624,0.0,2.24560603831,-3.96565874015,4.86467433992,-0.15203581035,-0.150133562066,0.0,451.8434371274895,451.49688675506974,453.1835664550892,453.4726449165745
2.820000000000002,1.97840738238,-3.74651873473,18.8038522384,5.97813559711,6.0658838122,0.0,2.35760646153,-4.12904825385,4.77979494039,-0.16637810191,-0.167078724049,0.0,425.4673756204633,423.98951860131956,426.7060887682538,425.4551750634119
2.880000000000002,2.12381229917,-3.99992726889,19.0900031142,5.96788877764,6.05574975094,0.0,2.48997447052,-4.3186536696,4.75755373568,-0.181467828677,-0.172814356754,0.0,449.9732592085826,449.48160303146096,447.5894704526433,446.3313742437218
2.940000000000002,2.27689695743,-4.26431324719,19.3729202858,5.95698781369,6.04535317459,0.0,2.61358975628,-4.49502520778,4.6722945964,-0.182115373679,-0.17421509552,0.0,428.47198731686336,428.32276110321845,429.6119077111769,429.5237982284275
3.000000000000002,2.43795148591,-4.53997872116,19.6521374398,5.94576143506,6.03564711192,0.0,2.7555973793,-4.69462119337,4.6338468936,-0.199624432721,-0.144338634429,0.0,445.4072703164051,447.8189579560995,448.2447327516317,446.7851236032895
3.0600000000000023,2.60788175376,-4.82808050309,19.9296572948,5.93319333538,6.0270062536,0.0,2.90930082481,-4.90962611038,4.61549546653,-0.251633620236,-0.143374163928,0.0,456.7324455633039,456.7906281461983,458.2623438610431,454.06280279455564
3.1200000000000023,2.78690874723,-5.12896244732,20.2049587509,5.91792424957,6.01838864636,0.0,3.05879068888,-5.12082631005,4.559917517,-0.260887169315,-0.144136270998,0.0,448.2287404674433,448.1477228759184,446.12833508340526,445.30692334376414
3.1800000000000024,2.97497646598,-5.44268631607,20.4765421145,5.90204428497,6.00972794141,0.0,3.21063912406,-5.33770080168,4.49151496482,-0.273538529339,-0.144765504286,0.0,446.15189917322624,446.08113257519614,445.68527026505353,444.5789647067053
3.2400000000000024,3.17104398237,-5.76803055895,20.7397622192,5.88553971841,6.00137790803,0.0,3.32547319055,-5.50820888661,4.28203229884,-0.278335444427,-0.129838911867,0.0,395.0983700788424,396.4518271490001,397.0328281316349,396.50576752437894
3.3000000000000025,3.37569774696,-6.1059657317,20.9953595389,5.86878212781,5.99361620888,0.0,3.49667680961,-5.75737157703,4.2361216933,-0.281275996036,-0.128424797542,0.0,457.9946373910332,458.09235331263534,458.9746341229724,458.6648076836564
3.3600000000000025,3.58990671165,-6.45800109793,21.2454415838,5.85204720251,5.98621039935,0.0,3.64399447162,-5.97821534234,4.09874953671,-0.274578765976,-0.114960680672,0.0,429.41946791296454,430.5459134358004,429.11514709186764,429.6016700081683
3.4200000000000026,3.81264657853,-6.82298645317,21.4859246235,5.83544714833,5.9801787084,0.0,3.78097193624,-6.18904050531,3.91642640241,-0.281200001517,-0.0811873464645,0.0,413.8612750644637,416.8139533922928,416.0280454988278,415.36433732853953
3.4800000000000026,4.04470477412,-7.20229839672,21.7182884537,5.81845515273,5.97528214041,0.0,3.9543447396,-6.45572545687,3.82730157069,-0.287522645028,-0.0824668078027,0.0,453.3476186971606,453.2395262557702,453.21006865931747,452.62170009258085
3.5400000000000027,4.28830346398,-7.59941909758,21.9481145312,5.80145338188,5.9709680907,0.0,4.16544284437,-6.78255284392,3.83095090536,-0.27614119716,-0.0564285101563,0.0,489.02739221014576,490.95985762134177,489.3998595368992,490.17309205927
3.6000000000000028,4.54220792988,-8.01299696868,22.1713045104,5.78519814748,5.96725633105,0.0,4.29812747309,-7.00445861502,3.60783781076,-0.262135741516,-0.0758767905942,0.0,412.85801437842105,411.13465973464616,411.8467074372148,413.0034152194646
3.660000000000003,4.80590701109,-8.44275842272,22.3857731175,5.76917678044,5.96216327957,0.0,4.49171612101,-7.32172337209,3.5388423939,-0.279196313485,-0.116912646667,0.0,475.76175839631765,472.60222149482996,473.3568522384926,471.9739835183256
3.720000000000003,5.08168164437,-8.89241375153,22.5968568059,5.75226845352,5.95566819485,0.0,4.70073020813,-7.66747245401,3.49446229691,-0.287598478155,-0.0949583834846,0.0,487.16764947583266,488.7974864406086,488.157893682786,487.4574550198172
3.780000000000003,5.36882811765,-9.36123579452,22.8018033206,5.73491842613,5.94981426534,0.0,4.87082241436,-7.96077200859,3.33508979391,-0.292496185026,-0.103364156968,0.0,453.24424398393387,452.55994936210516,452.4921901057321,452.0142120761521
3.840000000000003,5.66606555514,-9.84764847892,22.9964918788,5.71761200461,5.94345491522,0.0,5.0371249564,-8.25379831839,3.15253299424,-0.28137736353,-0.111831892011,0.0,449.0686314463084,448.37122686232004,448.71134507448204,449.52974662087564
3.900000000000003,5.9724848505,-10.3505840828,23.1779135339,5.7010778819,5.93779064159,0.0,5.17697835933,-8.51164073927,2.89344000873,-0.265957324729,-0.0724772367085,0.0,421.1365005161479,424.5191965852716,422.9960939193852,424.24125351978154
3.960000000000003,6.28817258196,-10.8704971442,23.3454990645,5.68461630719,5.93355132942,0.0,5.34578142155,-8.81954195636,2.69073031969,-0.301831893909,-0.0672414557028,0.0,450.8255525726783,451.24481256718934,451.1893342693528,448.2050435244568
4.020000000000002,6.61476627018,-11.4103014952,23.5023406043,5.66636237112,5.92953862008,0.0,5.5402796781,-9.17452747341,2.5345186511,-0.309511006427,-0.0661626147987,0.0,475.0148671514986,475.09460083265554,474.01560289150024,473.3366670251262
4.080000000000001,6.95232624803,-11.9705461109,23.6478716306,5.6472167127,5.92601291841,0.0,5.71139721384,-9.50097632291,2.31408692332,-0.356836577663,-0.0470193329801,0.0,456.46719350937684,457.99045609843097,457.56804571077726,453.677207089304
4.14,7.29862717703,-12.5481993568,23.7765548651,5.62636849033,5.92329002056,0.0,5.83185005318,-9.75511843984,1.97379388854,-0.333373145071,-0.0422933538833,0.0,411.0180968925985,411.4355357237309,411.54335157713075,413.48046272627363
4.199999999999998,7.6535030455,-13.1435341714,23.8873806803,5.60703173154,5.92036497434,0.0,5.9969003949,-10.0899988575,1.71782461162,-0.306265746117,-0.0665719116296,0.0,454.7710166328801,452.81977282840217,452.90536767022473,454.9761179113439
4.259999999999997,8.01714720813,-13.7573431195,23.9801747204,5.58853574691,5.91643333235,0.0,6.1244446416,-10.3711201023,1.37345398982,-0.312589785559,-0.0635170545181,0.0,422.78592621568947,423.04575511976867,422.07840255011024,421.42929310014677
4.319999999999996,8.38855223126,-14.3884113244,24.0521940182,5.56997244984,5.91229186135,0.0,6.25553372814,-10.665225088,1.02511059652,-0.303664970969,-0.0832906779238,0.0,428.3043812062248,426.6145778958075,425.2643448339737,425.92606171952104
4.379999999999995,8.76738926628,-15.0365993633,24.1021130895,5.55161429696,5.90742981421,0.0,6.37229880254,-10.9418401223,0.636941820448,-0.311014921545,-0.0768675338967,0.0,413.69900517743,414.258613098826,415.08283824598516,414.33398322436386
4.439999999999993,9.1538770215,-15.7026676845,24.1295882835,5.53316045329,5.90348932451,0.0,6.5103353717,-11.2609938685,0.276400080533,-0.30144284531,-0.049527685149,0.0,433.52060193834166,435.8092304242061,433.38469309344464,434.0897103766254
4.499999999999992,9.54867847925,-16.3881672441,24.1351035876,5.51533427004,5.89996177557,0.0,6.64931947578,-11.5895219951,-0.095145033591,-0.289610429362,-0.0932073312374,0.0,438.8114997955694,435.1654968855385,436.6320734776063,437.5269498567899
4.559999999999991,9.95193605207,-17.0937989717,24.1181215393,5.49778013094,5.89408136829,0.0,6.79229830409,-11.9318764384,-0.473807867324,-0.299243141058,-0.109926246559,0.0,442.10942644250645,440.72061192543777,443.67163103759464,442.79218405308677
4.6199999999999894,10.3644385616,-17.8212862929,24.0790669327,5.47995109375,5.8877106433,0.0,6.95732479355,-12.3176673427,-0.831559386922,-0.293272806024,-0.0995814498048,0.0,461.5378587239944,462.3445080934212,461.99268230359047,462.3772482649406
4.679999999999988,10.7864012055,-18.5713207999,24.0172591502,5.46297649354,5.88175309013,0.0,7.10766405018,-12.6835808368,-1.23203233954,-0.267683128696,-0.0987213781786,0.0,453.2386076394564,453.29949183935764,451.6835894943232,453.6631407106111
4.739999999999987,11.2179314481,-19.3444251843,23.9317625418,5.44697019664,5.87567033023,0.0,7.27609266882,-13.0864094314,-1.62161023093,-0.265012110786,-0.10730452066,0.0,469.3328162207072,468.6575069408224,469.73675002519497,469.87637284506104
4.799999999999986,11.6590735475,-20.141018763,23.8215436389,5.43101817226,5.86907875507,0.0,7.4281532226,-13.4666744267,-2.05597655844,-0.267630136455,-0.115528461166,0.0,460.05006013713256,459.3878336589993,460.1823410876823,459.9062875025082
4.859999999999984,12.1083607705,-20.9589150608,23.6832125112,5.41487183534,5.86276525333,0.0,7.54778123021,-13.7968659511,-2.55826303082,-0.272225466545,-0.0900446993957,0.0,435.92629290650126,438.0414653516264,437.6095110541695,437.1521710391034
4.919999999999983,12.566580695,-21.7998049068,23.5167073804,5.39892444003,5.85702771362,0.0,7.72533790959,-14.2322777203,-2.9963736501,-0.255324815101,-0.110143771794,0.0,482.7173428074798,481.19025105106925,482.600139602729,483.80939664956776
4.979999999999982,13.0343869753,-22.6651913918,23.3217657948,5.3843076137,5.85053148677,0.0,7.8676437363,-14.6139003823,-3.50563628489,-0.22694378709,-0.104767769583,0.0,460.6866980049968,461.10195122983623,460.3160313512654,462.49971161091844
5.0399999999999805,13.5117272582,-23.5553553766,23.0969509439,5.37068155208,5.84438359637,0.0,8.042833159,-15.0577636392,-3.9928434316,-0.227416763567,-0.0982198388043,0.0,486.7699143324099,487.25180789264215,487.4127481130976,487.33113794057715
